#Types Before Cut: 426
#Types After Cut: 405
#Search Hits: 0
1	45	421.293	ну
2	54	338.070	я
3	31	240.921	вот
4	15	151.245	кот
5	12	120.996	всё
6	20	114.784	там
7	16	110.986	такая
8	25	107.897	она
9	14	96.422	да
10	9	84.259	концерт
11	8	80.664	ещё
12	10	62.117	потом
13	9	56.609	мне
14	6	51.527	ты
15	4	40.332	даша
16	4	40.332	короче
17	14	38.015	бы
18	8	36.910	такие
19	23	36.208	а
20	5	35.335	тут
21	17	34.647	то
22	21	34.372	как
23	5	32.283	минут
24	3	30.249	встретила
25	3	30.249	канцлера
26	3	30.249	клёвая
27	3	30.249	клёво
28	3	30.249	мило
29	3	30.249	нрзб
30	3	30.249	ой
31	3	30.249	сорок
32	3	30.249	художки
33	4	26.002	знаю
34	3	25.763	всякие
35	3	23.545	собственно
36	3	20.740	кстати
37	2	20.166	архитектуры
38	2	20.166	викинг
39	2	20.166	двор
40	2	20.166	девушка
41	2	20.166	зовут
42	2	20.166	книгу
43	2	20.166	мишей
44	2	20.166	неё
45	2	20.166	одноклассницу
46	2	20.166	познакомилась
47	2	20.166	помнишь
48	2	20.166	помню
49	2	20.166	причём
50	2	20.166	пьяные
51	2	20.166	смотрю
52	2	20.166	сходить
53	2	20.166	сё
54	2	20.166	тэм
55	2	20.166	тёмный
56	2	20.166	ушла
57	2	20.166	ыыы
58	5	19.764	такое
59	10	19.432	мы
60	4	17.978	меня
61	3	17.462	та
62	4	16.582	вообще
63	2	16.360	билета
64	2	16.360	говорю
65	2	16.360	двадцать
66	2	16.360	исполнитель
67	2	16.360	купил
68	2	16.360	лес
69	2	16.360	решают
70	2	16.360	спрашивает
71	2	16.360	стояли
72	3	15.844	прямо
73	3	15.393	обычно
74	6	15.177	была
75	2	14.647	мной
76	2	14.647	песню
77	2	14.647	пошла
78	2	14.647	ходят
79	2	13.475	опять
80	3	13.258	важно
81	5	12.999	раз
82	3	12.697	ей
83	2	12.580	интересно
84	2	12.580	пришла
85	2	11.855	далее
86	25	11.242	что
87	7	11.147	же
88	3	10.532	люди
89	2	10.262	прошло
90	1	10.083	ааэ
91	1	10.083	адресе
92	1	10.083	афиши
93	1	10.083	басов
94	1	10.083	блин
95	1	10.083	борджиа
96	1	10.083	бюрократические
97	1	10.083	ваау
98	1	10.083	вк
99	1	10.083	восьмого
100	1	10.083	вуза
101	1	10.083	гитаре
102	1	10.083	гостила
103	1	10.083	готовиться
104	1	10.083	гринхилл
105	1	10.083	давай
106	1	10.083	десятое
107	1	10.083	дубльгисе
108	1	10.083	ехала
109	1	10.083	её
110	1	10.083	жанр
111	1	10.083	жду
112	1	10.083	забили
113	1	10.083	заканчивала
114	1	10.083	затирать
115	1	10.083	звук
116	1	10.083	звучать
117	1	10.083	звёзды
118	1	10.083	здравствуйте
119	1	10.083	зима
120	1	10.083	иду
121	1	10.083	идёт
122	1	10.083	издании
123	1	10.083	канцлере
124	1	10.083	кинула
125	1	10.083	кисточка
126	1	10.083	комикса
127	1	10.083	концерта
128	1	10.083	концерте
129	1	10.083	которомунужно
130	1	10.083	курили
131	1	10.083	ладно
132	1	10.083	лобзова
133	1	10.083	максов
134	1	10.083	мельницу
135	1	10.083	мишина
136	1	10.083	ммм
137	1	10.083	мужики
138	1	10.083	накрашена
139	1	10.083	настраивает
140	1	10.083	начинала
141	1	10.083	ногах
142	1	10.083	нууу
143	1	10.083	нюанс
144	1	10.083	нём
145	1	10.083	окей
146	1	10.083	отдам
147	1	10.083	отходила
148	1	10.083	офигенный
149	1	10.083	пили
150	1	10.083	подвальчик
151	1	10.083	подкручивает
152	1	10.083	подруги
153	1	10.083	пожалела
154	1	10.083	пойдём
155	1	10.083	пойдёшь
156	1	10.083	показаться
157	1	10.083	покупайте
158	1	10.083	понимала
159	1	10.083	порадовалась
160	1	10.083	посмотрела
161	1	10.083	поугорала
162	1	10.083	пофиг
163	1	10.083	поёт
164	1	10.083	прибавить
165	1	10.083	приехала
166	1	10.083	проехать
167	1	10.083	пятнадцать
168	1	10.083	развивай
169	1	10.083	разе
170	1	10.083	рассказывай
171	1	10.083	ребят
172	1	10.083	регуляторы
173	1	10.083	ричарда
174	1	10.083	ром
175	1	10.083	рубака
176	1	10.083	сгоняю
177	1	10.083	сидела
178	1	10.083	сильвестр
179	1	10.083	следят
180	1	10.083	слышала
181	1	10.083	собираюсь
182	1	10.083	сольно
183	1	10.083	спела
184	1	10.083	справа
185	1	10.083	спрашиваю
186	1	10.083	старом
187	1	10.083	сунуть
188	1	10.083	сходила
189	1	10.083	сцену
190	1	10.083	тэ
191	1	10.083	тэгнулась
192	1	10.083	удобно
193	1	10.083	фанатами
194	1	10.083	фейнмана
195	1	10.083	формальные
196	1	10.083	халявно
197	1	10.083	хз
198	1	10.083	ходила
199	1	10.083	чай
200	1	10.083	чезаре
201	1	10.083	черноволосая
202	1	10.083	черта
203	1	10.083	читает
204	1	10.083	читала
205	1	10.083	читают
206	1	10.083	чтоб
207	1	10.083	чувакам
208	1	10.083	чё
209	1	10.083	штырит
210	1	10.083	щите
211	1	10.083	ыы
212	1	10.083	электрухе
213	1	10.083	эльфа
214	1	10.083	эх
215	1	10.083	эээ
216	7	9.829	или
217	3	9.140	просто
218	3	9.140	тот
219	5	8.965	два
220	2	8.838	куда
221	2	8.838	сказала
222	2	8.838	смысле
223	5	8.079	этот
224	3	8.052	первого
225	1	7.323	вспомнила
226	1	7.323	вход
227	1	7.323	диски
228	1	7.323	книги
229	1	7.323	маленькая
230	1	7.323	морально
231	1	7.323	начинался
232	1	7.323	нашла
233	1	7.323	общается
234	1	7.323	оповещение
235	1	7.323	пятое
236	1	7.323	разу
237	1	7.323	рассказывала
238	1	7.323	рассказывать
239	1	7.323	сидели
240	1	7.323	смотрят
241	1	7.323	собиралась
242	1	7.323	сомневаться
243	1	7.323	страшно
244	1	7.323	ходить
245	6	7.306	так
246	4	7.220	которая
247	2	7.021	видимо
248	2	6.848	сама
249	2	6.848	хорошо
250	1	6.290	автор
251	1	6.290	вечер
252	1	6.290	выходят
253	1	6.290	дала
254	1	6.290	добавить
255	1	6.290	ждали
256	1	6.290	максима
257	1	6.290	моего
258	1	6.290	моему
259	1	6.290	нормально
260	1	6.290	ровно
261	1	6.290	тебе
262	1	6.290	час
263	1	6.290	языке
264	3	6.202	хотя
265	11	6.008	это
266	2	5.961	четыре
267	1	5.623	допустим
268	1	5.623	ж
269	1	5.623	журнал
270	1	5.623	заплатили
271	1	5.623	интересуются
272	1	5.623	начинать
273	1	5.623	омске
274	1	5.623	оставалось
275	1	5.623	продают
276	1	5.623	скажем
277	4	5.549	нет
278	3	5.415	такой
279	2	5.159	какие
280	2	5.159	тоже
281	1	5.131	полчаса
282	1	5.131	появления
283	1	5.131	рядом
284	1	5.131	упала
285	3	4.910	где
286	1	4.741	знакомые
287	1	4.741	курсе
288	1	4.741	ночь
289	1	4.741	нравится
290	1	4.741	понимает
291	1	4.741	понимаю
292	1	4.741	формате
293	1	4.741	ясно
294	2	4.604	всегда
295	2	4.439	раза
296	1	4.419	имя
297	1	4.419	которыми
298	1	4.145	выходить
299	1	4.145	идее
300	1	3.908	взял
301	1	3.908	давал
302	1	3.908	дал
303	1	3.908	дома
304	1	3.908	иногда
305	1	3.908	начало
306	1	3.908	пойти
307	1	3.908	про
308	1	3.908	типа
309	1	3.908	шла
310	3	3.747	эти
311	1	3.698	вас
312	1	3.698	видно
313	1	3.698	го
314	1	3.698	метро
315	2	3.670	право
316	1	3.342	мероприятие
317	1	3.342	пришли
318	2	3.221	сегодня
319	1	3.188	выступает
320	1	3.188	нибудь
321	1	3.188	семь
322	1	3.188	таки
323	2	3.170	потому
324	22	3.152	не
325	2	3.120	москве
326	1	3.047	идти
327	1	3.047	полтора
328	1	3.047	сути
329	7	2.990	у
330	1	2.917	могло
331	1	2.917	сибири
332	1	2.917	сильно
333	1	2.684	давно
334	1	2.684	довольно
335	1	2.684	думаю
336	1	2.579	происходит
337	2	2.549	первый
338	1	2.481	самый
339	4	2.411	было
340	1	2.389	голос
341	1	2.302	города
342	3	2.268	чтобы
343	1	2.219	первую
344	1	2.219	числа
345	1	2.141	настоящее
346	1	2.067	всем
347	1	2.067	ними
348	1	2.067	человека
349	1	2.067	шесть
350	2	2.063	тогда
351	1	1.930	ничего
352	1	1.866	втором
353	1	1.866	сами
354	1	1.805	какой
355	1	1.805	месяц
356	1	1.690	идея
357	1	1.690	ней
358	1	1.637	одна
359	1	1.637	стала
360	1	1.585	пять
361	1	1.585	фактически
362	2	1.574	очень
363	17	1.560	с
364	4	1.538	только
365	1	1.355	момент
366	1	1.355	своей
367	1	1.314	вы
368	1	1.275	говорят
369	1	1.275	те
370	1	1.236	второй
371	1	1.236	которое
372	1	1.236	тому
373	1	1.199	должно
374	1	1.199	работает
375	1	1.199	сайте
376	2	1.142	когда
377	1	1.063	этим
378	3	0.952	они
379	1	0.888	надо
380	1	0.888	примерно
381	1	0.836	сам
382	1	0.598	одного
383	3	0.575	есть
384	1	0.562	него
385	1	0.545	двух
386	1	0.528	дела
387	3	0.515	все
388	1	0.511	именно
389	1	0.511	которого
390	1	0.511	кто
391	1	0.511	нас
392	3	0.472	которые
393	2	0.452	со
394	1	0.450	свою
395	31	0.423	и
396	1	0.368	другой
397	1	0.310	человек
398	1	0.299	ему
399	2	0.249	были
400	2	0.127	был
401	1	0.053	этой
402	5	0.033	он
403	1	0.018	один
404	4	0.010	его
405	1	0.000	даже
